Nsites=32
RandomSeed=3
Boltzman_constant=1.0

GenericConnectionsFiles=5 Delta.dat H_L.dat H_Q.dat H_SL.dat H_SQ.dat

SavingMicroscopicStates=1
NoOfMicroscopicStates=2

Cooling=2
Temperature_min=0.01
Temperature_max=3.0
dTemperature=0.01

Temperature_Values=1 0.0001

#101 8.00000 7.00000 6.00000 5.00000 4.00000 3.00000 2.00000 1.00000 0.90000 0.80000 0.70000 0.60000 0.50000 0.40000 0.38000 0.36000 0.35000 0.34000 0.32000 0.31000 0.30000 0.29000 0.28000 0.27000 0.26000 0.25000 0.24000 0.23000 0.22000 0.21000 0.20000 0.19000 0.18000 0.17000 0.16000 0.15000 0.14000 0.13000 0.12000 0.11000 0.10000 0.09500 0.09000 0.08500 0.08000 0.07500 0.07000 0.06500 0.06000 0.05800 0.05600 0.05400 0.05200 0.05000 0.04800 0.04600 0.04400 0.04200 0.04000 0.03900 0.03800 0.03700 0.03600 0.03500 0.03400 0.03300 0.03200 0.03100 0.03000 0.02900 0.02800 0.02700 0.02600 0.02500 0.02400 0.02300 0.02200 0.02100 0.02000 0.01900 0.01800 0.01700 0.01600 0.01500 0.01400 0.01300 0.01200 0.01100 0.01000 0.00900 0.00800 0.00700 0.00600 0.00500 0.00400 0.00300 0.00200 0.00100 0.00050 0.00010 0.00001

Temperature=0.00001

Metropolis_Algo=1
MaxMCsweeps=60000
Last_n_sweeps_for_measurement=1000
Measurement_after_each_m_sweeps=5

Read_Seed_from_file=0
Seed_file_name=ThetaPhi_Temp0.0001000000MicroState1_JUND50.0.txt

